289
652
863
649
463
488
978
489
376
301
319
353
90
677
770
635
686
751
126
250
507
425
114
48
552
858
878
632
972
287
601
519
333
522
826
279
414
708
456
612
747
802
386
415
963
60
842
140
869
237
787
428
225
745
793
259
52
907
468
103
768
40
326
169
647
698
220
664
554
577
894
725
883
556
243
35
817
514
980
740
252
496
65
943
968
800
32
391
115
582
141
644
41
347
939
702
982
6
847
622
925
855
838
577
47
750
237
122
677
778
2
307
484
941
784
649
351
570
41
549
377
280
260
912
446
819
494
30
576
5
286
527
850
120
204
850
912
789
945
423
900
98
578
864
824
94
189
702
540
248
969
367
955
454
619
539
486
771
186
563
792
419
551
935
174
977
278
195
897
92
867
528
304
365
719
105
397
753
768
332
298
481
267
538
278
545
189
727
246
771
249
745
919
353
179
727
515
307
895
116
29
940
14
502
420
467
443
908
771
782
790
259
636
240
764
978
119
573
686
292
673
425
175
675
956
227
969
592
749
692
644
545
921
660
795
872
860
655
101
248
735
687
951
152
522
177
952
420
285
432
82
719
704
219
195
487
114
440
498
533
71
436
701
503
796
517
672
596
425
49
439
230
959
92
999
307
992
718
479
236
772
682
209
36
520
923
203
263
476
347
316
620
709
545
45
951
48
446
697
959
305
225
50
802
664
777
979
318
242
744
759
887
87
982
595
881
655
250
955
653
977
369
439
529
226
76
385
676
689
974
618
613
918
156
515
895
53
279
385
95
202
5
733
170
364
486
613
800
510
541
208
88
265
805
71
727
202
617
274
723
640
776
767
346
863
60
590
659
690
908
723
416
370
890
762
420
372
657
637
217
644
53
492
769
676
950
41
73
182
245
102
684
713
737
923
767
72
60
192
620
890
781
847
246
974
662
673
886
449
596
876
932
779
768
136
884
458
686
488
738
77
237
43
233
805
590
946
839
410
157
100
930
913
841
22
857
123
399
630
947
92
300
927
263
776
969
186
2
871
747
507
128
980
27
217
333
147
131
15
593
807
91
46
685
859
955
858
420
789
243
550
842
323
354
210
27
670
195
417
167
479
374
967
363
835
598
626
652
564
789
438
680
53
927
819
531
162
46
658
114
339
880
751
294
964
191
886
777
754
722
530
687
275
877
270
215
871
34
314
451
236
163
233
358
728
940
193
547
144
356
413
414
541
477
807
437
887
526
832
469
264
918
680
529
701
668
240
209
63
155
368
698
215
726
700
44
329
317
317
842
975
205
181
657
946
57
337
735
224
155
879
786
136
518
511
122
648
886
817
14
142
166
280
136
349
774
639
797
376
588
237
229
990
488
378
126
995
996
320
880
388
375
234
677
125
161
294
428
543
894
989
535
675
91
660
852
739
409
650
901
918
429
525
742
946
920
695
706
260
277
770
105
827
680
805
413
929
599
260
958
145
354
188
115
26
773
826
416
47
479
233
659
310
936
414
926
797
403
875
135
356
338
519
732
87
772
705
421
804
651
513
361
355
883
110
698
691
330
297
70
750
458
648
885
311
220
510
747
177
873
225
755
927
686
191
225
325
838
818
780
656
590
651
641
867
493
938
549
387
492
119
748
4
94
706
69
881
367
39
264
447
471
636
876
932
278
263
384
409
338
903
452
113
326
331
459
784
948
139
329
597
178
942
999
927
716
45
221
550
957
821
959
75
753
242
621
749
996
599
83
584
332
658
714
874
391
728
338
115
188
992
218
262
898
627
916
489
984
53
614
840
371
358
346
370
736
2
193
705
707
773
679
398
488
493
410
775
848
799
782
932
631
866
107
741
215
387
299
952
193
871
732
858
321
468
299
115
214
140
599
862
149
393
628
970
644
719
184
825
815
285
5
980
311
174
597
672
47
527
696
690
836
433
661
147
791
743
767
270
618
639
869
888
212
234
213
468
303
747
85
570
307
36
293
767
902
180
981
379
283
556
21
808
286
507
393
210
62
208
227
842
46
561
981
667
206
776
708
254
619
227
897
507
583
738
290
376
182
10
496
926
778
778
321
242
713
954
648
77
71
660
468
920
404
994
786
11
277
786
656
5
232
41
152
40
254
417
389
70
375
946
215
815
58
622
443
924
868
443
46
916
821
419
989
899
866
504
207
398
357
652
6
377
230
474
619
425
526
571
991
398
802
409
83
319
856
505
821
674
518
615
793
963
383
24
226
986
150
386
670
353
613
558
207
326
903
951
844
202
803
813
634
562
696
15
765
81
69
637
991
721
879
371
990
248
858
989
865
126
816
304
662
203
797
943
853
878
952
12
432
807
647
392
586
157
202
995
549
130
190
219
568
100
15
490
645
912
113
433
919
172
337
439
275
666
585
188
332
871
268
178
527
481
974
476
177
58
565
719
29
977
265
443
186
171
379
936
88
899
654
967
342
480
776
692
669
960
578
912
776
21
127
91
363
497
496
352
943
800
16
5
712
866
107
738
771
494
297
408
536
488
330
512
924
493
823
244
692
721
158
449
763
265
599
493
657
41
591
525
847
618
281
810
359
173
549
504
425
380
802
605
631
98
240
550
263
284
845
542
95
744
442
812
643
140
548
951
923
758
96
608
203
753
444
263
743
493
459
918
749
122
655
230
497
601
370
600
939
345
98
337
755
82
965
348
452
414
351
537
275
184
790
156
153
395
68
961
324
995
734
682
442
422
440
560
14
887
86
209
501
419
632
551
744
117
732
909
77
999
668
171
221
348
8
151
62
5
508
536
682
190
340
419
63
259
594
897
620
698
759
94
515
632
345
115
457
635
694
997
771
560
596
90
710
96
321
241
255
91
41
392
700
303
629
545
574
216
644
868
174
303
778
75
96
751
795
576
537
309
611
411
409
940
192
79
21
117
294
110
622
339
969
796
271
630
528
163
715
846
864
397
661
25
908
829
788
589
702
437
72
560
344
546
188
564
996
116
517
882
209
230
971
743
550
578
735
733
722
725
942
164
297
293
283
123
183
290
771
86
340
777
3
579
977
174
98
69
674
877
310
651
428
71
602
875
725
464
229
548
691
153
460
504
974
738
974
381
379
767
161
93
909
915
796
170
935
146
196
745
982
344
774
825
431
580
117
508
2
978
358
305
717
703
381
197
796
941
10
28
292
418
417
144
843
354
502
864
439
892
843
331
145
519
278
849
191
196
595
772
24
69
749
742
342
886
48
611
479
914
596
195
235
988
655
822
7
941
994
162
236
391
187
497
858
759
761
370
800
533
770
658
95
913
778
647
103
128
733
739
810
818
474
770
827
576
519
453
777
833
997
314
933
794
301
222
884
281
399
116
834
831
469
413
335
867
559
479
889
779
727
590
680
231
296
408
976
48
327
901
245
983
660
792
341
295
338
715
125
705
890
823
378
290
58
50
173
375
426
179
249
331
388
337
101
696
814
187
953
1
561
317
364
468
555
19
423
672
112
504
354
592
803
248
934
773
16
95
127
262
853
84
564
357
584
5
919
510
510
788
264
409
690
975
869
168
464
917
792
164
679
274
823
206
650
302
206
284
468
122
130
247
230
762
608
242
212
192
4
333
177
483
630
970
35
254
386
807
235
646
917
461
82
714
153
266
847
631
6
945
732
214
676
224
515
812
86
3
842
166
175
128
729
965
344
473
618
865
809
949
934
18
865
495
185
182
311
724
556
47
731
699
531
160
353
685
207
334
804
13
506
803
627
373
179
868
656
487
994
362
372
710
328
855
210
51
635
185
809
401
669
819
573
62
196
190
286
409
993
308
355
355
94
37
840
690
963
563
941
404
47
43
259
736
404
55
122
202
293
162
290
296
983
912
871
795
314
892
759
836
292
693
419
805
946
252
378
926
196
499
138
530
75
33
564
64
737
97
912
613
838
900
563
919
87
553
691
259
377
452
173
339
405
12
352
975
987
683
588
406
186
809
6
282
660
866
837
131
210
915
40
211
18
587
909
850
470
299
458
253
420
266
687
26
645
281
623
630
457
349
192
510
447
782
99
984
654
725
856
239
467
903
107
388
203
728
964
352
716
720
562
876
30
958
797
992
280
711
558
624
614
877
274
796
225
508
521
784
687
568
625
258
122
841
101
833
756
956
273
507
24
995
593
656
706
547
836
156
812
186
952
25
658
263
797
374
519
146
890
468
408
665
813
911
110
923
13
624
561
313
262
92
316
421
127
589
759
632
921
217
78
660
355
233
492
357
915
64
694
392
636
790
13
329
671
462
935
728
994
439
364
251
150
415
187
561
404
741
27
324
120
442
28
651
405
705
396
530
423
728
585
87
436
541
23
982
193
404
725
148
211
428
644
818
640
760
637
197
181
230
212
398
448
166
396
247
742
58
454
340
110
44
388
297
969
759
725
887
303
879
450
353
554
358
871
125
169
971
784
663
292
484
57
620
183
116
125
845
624
139
657
497
84
693
401
267
304
60
248
765
7
907
515
699
771
741
691
814
677
950
973
203
148
110
189
834
394
578
245
223
348
230
30
603
656
907
685
523
474
37
445
50
668
845
710
786
840
818
618
399
685
140
564
571
381
558
943
283
973
992
614
945
224
938
949
896
333
5
220
214
548
248
427
900
694
423
923
375
405
712
270
569
386
920
833
272
612
579
632
903
693
624
730
569
187
361
120
547
602
134
905
303
668
271
229
676
846
366
505
919
359
369
989
319
200
712
97
426
628
2
520
225
708
35
794
252
413
724
238
14
533
953
83
431
174
792
228
304
236
434
600
798
63
0
750
92
765
53
639
623
616
919
186
114
646
677
740
70
278
399
191
361
300
380
662
451
227
595
637
569
5
518
208
256
988
704
10
379
141
154
494
551
75
168
544
821
659
369
370
346
887
359
960
408
938
917
655
55
189
579
645
547
140
197
423
958
220
734
413
762
256
859
821
190
92
818
65
23
485
375
786
676
760
78
547
683
337
485
741
415
914
895
505
322
551
829
886
497
13
253
952
500
964
607
661
480
12
622
232
116
254
636
244
407
480
940
773
176
202
218
127
173
599
191
702
252
526
711
302
616
131
955
873
527
976
240
116
242
299
203
533
351
412
869
774
667
65
884
837
586
852
736
4
653
988
328
81
593
92
730
847
292
990
845
123
283
401
812
950
420
421
159
28
994
972
733
342
673
627
64
454
581
616
86
831
532
932
215
991
111
209
304
213
789
437
685
665
297
230
204
354
691
328
708
396
991
746
623
239
137
58
267
428
128
969
989
229
110
695
817
934
155
688
406
766
989
985
550
477
926
84
734
357
381
397
63
829
956
570
765
216
227
895
319
74
17
253
92
24
95
331
973
111
679
892
126
768
860
685
80
271
130
452
793
249
887
412
948
78
208
255
802
510
102
399
146
369
105
724
300
345
171
94
845
401
20
283
664
704
174
925
615
660
619
835
194
998
295
111
623
614
142
407
352
273
261
240
563
957
757
61
54
372
952
43
778
647
400
186
681
595
127
923
518
531
469
380
110
145
200
109
904
357
543
210
183
34
314
724
389
399
384
380
101
299
452
408
646
845
258
412
56
13
328
450
393
638
812
784
524
867
330
405
794
375
371
191
867
920
805
506
698
802
12
731
891
223
653
357
383
942
741
640
895
526
160
976
925
624
846
984
294
827
179
456
866
816
614
340
510
746
887
740
296
827
794
23
672
870
716
540
306
431
88
818
294
606
998
585
768
486
693
342
954
852
444
707
843
267
227
247
252
821
405
664
187
434
479
312
42
860
384
435
327
863
983
948
647
614
28
542
556
363
483
580
246
397
238
365
187
630
884
231
985
241
291
102
411
134
67
577
882
445
786
55
602
973
101
404
252
905
78
136
810
957
757
183
285
278
464
484
768
73
376
465
488
557
165
671
486
32
817
445
856
182
968
199
326
326
389
319
929
14
998
595
900
975
880
270
579
573
842
353
907
401
381
378
422
244
950
641
24
106
53
224
935
735
147
542
490
489
575
257
452
453
455
448
221
9
245
352
878
955
588
280
210
961
326
618
13
451
879
499
968
924
785
28
108
862
517
17
483
319
60
480
253
529
185
768
480
602
960
347
670
744
652
477
776
841
934
663
497
768
102
110
447
175
770
170
782
755
70
439
966
49
444
453
448
193
960
424
141
288
721
743
61
263
952
467
543
746
377
754
328
354
189
840
506
212
3
908
210
132
580
457
897
899
782
744
172
877
26
203
667
889
200
300
367
935
379
416
102
780
906
24
242
58
355
956
16
310
400
614
917
129
944
832
139
29
178
336
980
814
520
774
247
757
575
129
84
773
834
96
729
349
997
290
61
909
647
51
323
461
112
854
803
109
261
970
723
648
549
694
691
825
13
877
5
147
695
723
837
22
173
188
195
214
970
655
846
497
377
733
609
70
981
192
287
36
867
133
288
92
821
649
203
489
230
276
411
801
135
773
120
234
234
260
955
198
451
15
491
260
158
100
455
102
835
973
47
746
587
562
936
646
223
855
613
733
266
175
256
57
399
833
825
84
181
129
683
879
584
998
55
276
98
469
4
835
953
219
972
273
85
46
56
316
46
74
258
662
175
508
771
814
153
421
497
75
496
115
123
766
917
7
570
184
482
96
750
128
918
204
708
564
7
328
161
101
166
493
272
757
42
785
376
977
513
785
941
73
64
311
360
537
267
406
513
705
828
529
409
620
232
583
82
66
585
963
914
521
937
692
142
816
996
865
456
649
744
737
552
195
671
697
513
394
996
569
619
261
5
15
795
102
39
641
716
588
731
258
346
291
123
252
602
258
523
608
649
365
824
16
469
629
951
936
824
156
361
111
500
111
604
713
486
649
606
850
948
492
919
605
256
13
892
768
131
187
210
962
337
662
768
50
755
437
135
32
182
813
140
763
324
369
437
628
974
225
168
387
522
787
614
553
209
826
751
403
972
270
434
176
849
267
98
210
650
847
361
883
547
366
709
234
380
865
320
260
873
726
203
367
43
394
451
196
159
758
81
324
798
989
777
332
566
191
443
204
948
817
784
869
821
797
3
670
631
226
696
790
184
13
198
597
930
498
735
143
225
635
298
838
399
251
983
472
480
589
245
219
130
456
998
36
738
153
862
383
91
745
326
781
42
402
555
892
947
149
477
726
338
480
185
458
951
818
663
867
514
886
788
23
546
721
332
850
439
231
971
15
663
942
672
547
134
59
941
695
65
948
859
212
69
664
838
315
992
611
967
698
910
835
436
207
116
829
974
4
357
634
948
589
397
604
30
375
891
405
35
69
406
303
977
862
67
318
934
988
691
921
773
303
614
638
311
402
775
975
325
219
532
192
965
502
330
500
852
400
162
455
505
348
523
829
787
21
302
570
345
49
378
185
333
329
432
937
884
734
160
114
238
671
470
200
523
784
412
809
476
354
714
260
99
425
781
357
381
464
525
506
755
462
159
139
898
446
457
700
37
880
133
145
219
377
875
512
540
194
978
626
478
906
761
746
87
778
710
758
622
178
202
448
711
412
509
96
350
700
956
322
541
658
526
70
130
605
404
190
923
664
760
40
293
903
103
800
49
567
5
829
640
690
642
421
297
866
825
569
111
425
557
689
207
269
242
730
961
272
45
636
602
934
867
974
333
944
592
413
915
582
959
139
45
17
589
136
966
323
815
483
771
921
119
217
253
399
207
907
987
838
27
236
857
12
585
558
785
117
114
836
496
453
287
736
75
569
897
962
104
3
250
227
217
272
12
936
903
830
659
872
72
546
188
346
225
742
261
788
291
392
976
590
593
446
505
218
308
835
668
174
702
646
955
347
415
842
103
132
807
191
350
378
544
282
648
444
602
581
562
830
103
670
298
86
213
286
967
314
549
704
36
975
989
408
852
967
527
475
776
34
651
483
139
371
319
570
932
212
825
572
983
798
140
541
588
531
40
447
328
557
